Mulliken and Loewdin gross orbital population 

  atom#    atom   basisfunction    Mulliken GP    Mulliken GP     Loewdin GP     Loewdin GP
                                    For spin 1     For spin 2     For spin 1     For spin 2
      1      Ni             4s           0.14           0.14           0.22           0.22
                         3d_xy           0.98           0.98           0.98           0.98
                         3d_yz           0.97           0.99           0.98           0.99
                        3d_z^2           0.37           0.93           0.37           0.93
                         3d_xz           0.98           0.98           0.98           0.98
                    3d_x^2-y^2           0.36           0.93           0.37           0.93
                         total           3.80           4.96           3.89           5.04


      2      Ni             4s           0.14           0.14           0.22           0.22
                         3d_xy           0.98           0.98           0.98           0.98
                         3d_yz           0.95           0.62           0.95           0.62
                        3d_z^2           0.95           0.64           0.95           0.64
                         3d_xz           0.99           0.98           0.99           0.98
                    3d_x^2-y^2           0.94           0.44           0.94           0.45
                         total           4.96           3.80           5.04           3.89


      3       N             2s           0.76           0.78           0.69           0.72
                          2p_y           0.71           0.70           0.71           0.69
                          2p_z           0.71           0.70           0.71           0.69
                          2p_x           0.71           0.72           0.71           0.73
                         total           2.89           2.89           2.82           2.84


      4       N             2s           0.76           0.78           0.69           0.72
                          2p_y           0.71           0.70           0.71           0.69
                          2p_z           0.71           0.70           0.71           0.69
                          2p_x           0.71           0.72           0.71           0.73
                         total           2.89           2.89           2.82           2.84


      5       N             2s           0.78           0.76           0.72           0.69
                          2p_y           0.70           0.71           0.69           0.71
                          2p_z           0.70           0.71           0.69           0.71
                          2p_x           0.72           0.71           0.73           0.71
                         total           2.89           2.89           2.84           2.82


      6       N             2s           0.78           0.76           0.72           0.69
                          2p_y           0.70           0.71           0.69           0.71
                          2p_z           0.70           0.71           0.69           0.71
                          2p_x           0.72           0.71           0.73           0.71
                         total           2.89           2.89           2.84           2.82


      7       C             2s           0.38           0.38           0.40           0.40
                          2p_y           0.47           0.47           0.47           0.47
                          2p_z           0.47           0.47           0.47           0.47
                          2p_x           0.52           0.52           0.53           0.53
                         total           1.84           1.84           1.88           1.88


      8       C             2s           0.38           0.38           0.40           0.40
                          2p_y           0.47           0.47           0.47           0.47
                          2p_z           0.47           0.47           0.47           0.47
                          2p_x           0.52           0.52           0.53           0.53
                         total           1.84           1.84           1.88           1.88

